REG 2024 2 18 19 12
REG 2024 2 18 19 13
REG 2024 2 18 19 17
REG 2024 2 18 19 18
REG 2024 2 18 19 21
REG 2024 2 18 19 28
LIC 2024 2 18 19 28
REG 2024 2 18 19 48
REG 2024 2 18 19 57
REG 2024 2 18 19 58
REG 2024 2 18 19 58
LIC 2024 2 18 19 58
REG 2024 2 18 19 59
LIC 2024 2 18 22 0
LIC 2024 2 18 22 9
LIC 2024 2 18 22 12
REG 2024 2 18 22 12
LIC 2024 2 18 22 14
LIC 2024 2 18 22 14
LIC 2024 2 18 22 15
REG 2024 2 18 22 16
LIC 2024 2 18 22 18
LIC 2024 2 18 22 18
LIC 2024 2 18 22 18
LIC 2024 2 18 22 18
LIC 2024 2 18 22 18
LIC 2024 2 18 22 25
LIC 2024 2 18 22 25
LIC 2024 2 19 23 50
REG 2024 2 19 23 50
LIC 2024 2 20 0 3
LIC 2024 2 20 7 18
LIC 2024 2 20 7 18
LIC 2024 2 20 7 18
LIC 2024 2 20 7 18
LIC 2024 2 20 7 18
LIC 2024 2 20 7 18
REG 2024 2 20 12 12
LIC 2024 2 22 8 31
REG 2024 2 22 8 31
LIC 2024 2 22 8 33
LIC 2024 2 22 8 33
LIC 2024 2 22 8 33
LIC 2024 2 22 8 33
LIC 2024 2 22 8 34
LIC 2024 2 22 8 34
LIC 2024 2 22 8 34
LIC 2024 2 22 8 34
LIC 2024 2 22 8 34
LIC 2024 2 22 8 34
LIC 2024 2 22 8 34
LIC 2024 2 22 8 34
REG 2024 2 22 8 34
REG 2024 2 22 8 34
REG 2024 2 22 8 34
REG 2024 2 22 8 34
REG 2024 2 22 8 35
REG 2024 2 22 8 36
REG 2024 2 22 8 36
REG 2024 2 22 8 37
REG 2024 2 22 8 37
REG 2024 2 22 8 37
REG 2024 2 22 8 37
LIC 2024 2 22 8 38
LIC 2024 2 22 8 38
LIC 2024 2 22 8 38
LIC 2024 2 22 8 38
LIC 2024 2 22 8 38
